 20 28 28 45.89 101.07 57.27 76208 0.00 0.00 0.00     0 45.95 101.07 57.26 50142     0 392.695
 20 28 28 45.89 101.07 57.27 76208 0.00 0.00 0.00     0 45.81 101.07 57.26 50644     0 179.890
 20 28 28 45.89 101.07 57.27 76208 0.00 0.00 0.00     0 45.81 101.07 57.26 50644     0 179.282
 20 28 28 45.89 101.07 57.27 76208 0.00 0.00 0.00     0 45.96 101.07 57.26 53966     0 70.822
 20 24 24 48.16 101.07 57.93 106280 0.00 0.00 0.00     0 48.35 101.07 57.51 78687     0 72.370
 20 32 32 43.13 101.07 57.27 52520 0.00 0.00 0.00     0 43.06 101.07 57.26 34950     0 70.053
 20 22 22 48.86 101.07 58.35 126984 0.00 0.00 0.00     0 49.53 101.07 58.23 97112     0 72.205
 20 22 22 48.86 101.07 58.35 126984 0.00 0.00 0.00     0 49.53 101.07 58.23 97112     0 72.718
 20 22 22 48.86 101.07 58.35 126984 0.00 0.00 0.00     0 49.53 101.07 58.23 97112     0 72.014
 20 22 22 48.86 101.07 58.35 126984 0.00 0.00 0.00     0 49.53 101.07 58.23 97112     0 72.144
 20 22 22 48.86 101.07 58.35 126984 0.00 0.00 0.00     0 49.53 101.07 58.23 97112     0 72.609
 10 24 24 48.16 101.07 57.93 106280 0.00 0.00 0.00     0 47.95 101.07 57.32 84720     0 171.619
 10 24 24 48.16 101.07 57.93 106280 0.00 0.00 0.00     0 48.05 101.07 57.43 83884     0 63.902
 10 24 24 47.87 101.07 57.93 102448 0.00 0.00 0.00     0 47.44 101.07 57.45 69864     0 194.316
 10 22 22 48.64 101.07 58.35 122112 0.00 0.00 0.00     0 48.63 101.07 58.10 86564     0 193.339
 10 22 22 48.64 101.07 58.35 122112 0.00 0.00 0.00     0 48.63 101.07 58.10 86564     0 193.861
 10 24 24 47.87 101.07 57.93 102448 0.00 0.00 0.00     0 47.44 101.07 57.45 69864     0 194.058
 10 16 16 50.82 101.07 58.58 200752 0.00 0.00 0.00     0 51.52 101.07 58.55 153041     0 189.737
 10 12 12 56.99 101.07 60.10 277880 0.00 0.00 0.00     0 56.11 101.07 60.06 216359     0 187.141
 10 14 14 55.13 101.07 59.47 228712 0.00 0.00 0.00     0 54.77 101.07 59.43 180639     0 187.822
 10 28 28 45.56 101.07 57.27 73728 0.00 0.00 0.00     0 45.01 101.07 57.13 47178     0 196.120
 10 28 28 46.86 101.07 55.81 49616 0.00 0.00 0.00     0 45.81 101.07 55.90 41192     0 204.612
 10 24 24 49.25 101.07 56.79 76632 0.00 0.00 0.00     0 48.26 101.07 56.10 63696     0 200.859
 10 22 22 50.24 101.07 57.35 94384 0.00 0.00 0.00     0 49.51 101.07 56.91 80348     0 200.118
 10 16 16 53.65 101.07 57.62 170840 0.00 0.00 0.00     0 53.03 101.07 57.57 147806     0 195.211
 10 14 14 55.10 101.07 58.51 200656 0.00 0.00 0.00     0 54.54 101.07 58.40 177411     0 193.117
 10 12 12 56.67 101.07 59.09 254048 0.00 0.00 0.00     0 55.78 101.07 59.06 216740     0 191.203
  3 28 28 37.43 41.28 42.82 21984 0.00 0.00 0.00     0 37.01 41.02 42.67 11354     0 8301.480
 10 12 12 56.67 101.07 59.09 254048 0.00 0.00 0.00     0 55.73 101.07 58.99 222622     0 36.774
  3 28 28 37.43 41.28 42.82 21984 0.00 0.00 0.00     0 35.48 40.93 42.53 14362     0 6.262
  3 28 28 37.43 41.28 42.82 21984 0.00 0.00 0.00     0 35.48 40.93 42.53 14365     0 4.897
  3 28 28 37.43 41.28 42.82 21984 0.00 0.00 0.00     0 35.48 40.93 42.53 14365     0 11.629
  3 28 28 37.43 41.28 42.82 21984 0.00 0.00 0.00     0 35.48 40.93 42.53 14365     0 31.572
  3 28 28 37.43 41.28 42.82 21984 0.00 0.00 0.00     0 35.48 40.93 42.53 14365     0 34.485
  3 28 28 37.43 41.28 42.82 21984 0.00 0.00 0.00     0 35.48 40.93 42.53 14365     0 5.850
  3 28 28 37.43 41.28 42.82 21984 0.00 0.00 0.00     0 35.48 40.93 42.53 14365     0 3.991
  3 28 28 37.43 41.28 42.82 21984 0.00 0.00 0.00     0 35.91 41.04 42.50 14077     0 6.546
  3 28 28 37.43 41.28 42.82 21984 0.00 0.00 0.00     0 36.58 41.04 42.55 12816     0 4.078
  3 28 28 37.43 41.28 42.82 21984 0.00 0.00 0.00     0 36.58 41.04 42.55 12816     0 4.180
  3 28 28 37.43 41.28 42.82 21984 0.00 0.00 0.00     0 36.64 41.03 42.69 11976     0 4.072
  3 28 28 37.43 41.28 42.82 21984 0.00 0.00 0.00     0 36.64 41.03 42.69 11976     0 4.080
  3 28 28 37.43 41.28 42.82 21984 0.00 0.00 0.00     0 36.64 41.03 42.69 11976     0 7.047
  3 28 28 37.43 41.28 42.82 21984 0.00 0.00 0.00     0 36.64 41.03 42.69 11976     0 4.080
  3 28 28 37.43 41.28 42.82 21984 0.00 0.00 0.00     0 36.64 41.03 42.69 11976     0 4.079
  3 28 28 37.43 41.28 42.82 21984 0.00 0.00 0.00     0 36.65 41.22 43.00 11664     0 4.552
  3 28 28 37.43 41.28 42.82 21984 0.00 0.00 0.00     0 36.65 41.22 43.00 11664     0 4.069
  3 28 28 37.43 41.28 42.82 21984 0.00 0.00 0.00     0 36.65 41.22 43.00 11664     0 4.088
  3 28 28 37.43 41.28 42.82 21984 0.00 0.00 0.00     0 36.65 41.22 43.00 11664     0 627.299
  3 28 28 37.43 41.28 42.82 21984 0.00 0.00 0.00     0 36.65 41.22 43.00 11664     0 4.099
